7.928412060209666e-08
7.928410639124195e-08
1.161080676048698e-10
1.1610803984929419e-10
1.150146297645982e-10
1.1501465058127991e-10
7.89175231830086e-08
7.891753739386331e-08
7.166553217530236e-08
7.166551796444764e-08
5.892977483767936e-08
5.8929764179538324e-08
1.161080676048698e-10
1.16108053727082e-10
7.928412060209666e-08
7.92841134966693e-08
1.161080676048698e-10
1.150146297645982e-10
1.561815111017495e-06
1.5513529660893255e-06
1.1501465058127991e-10
1.150146297645982e-10
1.1557867907185937e-07
1.155786577555773e-07
9.183198557138894e-08
9.183201399309837e-08
2.418022972960898e-07
2.418023541395087e-07
1.16108053727082e-10
1.161080676048698e-10
1.16108053727082e-10
1.161080676048698e-10
7.891753739386331e-08
7.89175231830086e-08
1.1501465058127991e-10
1.150146297645982e-10
1.150146297645982e-10
1.1501465058127991e-10
7.89175231830086e-08
7.891753739386331e-08
7.166553217530236e-08
7.166551796444764e-08
5.892977483767936e-08
5.8929764179538324e-08
7.89175231830086e-08
7.928412060209666e-08
1.150146297645982e-10
1.161080676048698e-10
2.3906943624751875e-07
2.390694930909376e-07
9.074303619627244e-08
9.074305040712716e-08
1.150146297645982e-10
1.161080676048698e-10
1.150146297645982e-10
1.161080676048698e-10
4.5359672640188364e-07
4.535966695584648e-07
7.72846703966934e-07
7.728465902800963e-07
1.1317941073230031e-07
1.1317943204858238e-07
8.133117290753944e-09
8.133119067110783e-09
