5.6676224630791694e-05
5.6676224630791694e-05
5.6676224630791694e-05
1.6060277630458586e-05
1.6060277630458586e-05
1.6060277630458586e-05
3.6228777844371507e-06
3.6228777844371507e-06
3.6228777844371507e-06
1.7615252545510884e-06
1.7615252545510884e-06
1.7615252545510884e-06
8.869600947036815e-07
8.869600947036815e-07
8.869600947036815e-07
2.104956848825168e-07
2.104956848825168e-07
2.104956848825168e-07
3.701909179198992e-07
3.701909179198992e-07
3.701909179198992e-07
0.00021587508672382683
1.3734574167756364e-05
1.3734574167756364e-05
2.2540707504958846e-05
6.986808330111671e-06
2.2540707504958846e-05
1.9808068827842362e-05
1.9808068827842362e-05
1.9808068827842362e-05
8.301104389829561e-05
8.301104389829561e-05
8.301104389829561e-05
3.24012762575876e-05
3.24012762575876e-05
3.24012762575876e-05
1.001400869427016e-05
1.001400869427016e-05
1.001400869427016e-05
2.2575666662305593e-05
0.00018678430933505297
0.00018678430933505297
6.313921039691195e-05
1.1247566362726502e-05
6.313921039691195e-05
1.5046978660393506e-05
1.5046978660393506e-05
1.5046978660393506e-05
2.614319237181917e-05
2.614319237181917e-05
1.4198787035013538e-08
2.3923343178466894e-05
2.5940673367585987e-05
2.5940673367585987e-05
1.8814967006619554e-06
1.269018639504793e-06
1.8814967006619554e-06
1.7408487110515125e-05
1.7408487110515125e-05
1.7408487110515125e-05
1.6821583130877116e-06
1.6821583130877116e-06
1.6821583130877116e-06
1.296322693633556e-06
1.296322693633556e-06
1.296322693633556e-06
2.836595967892208e-06
2.836595967892208e-06
2.836595967892208e-06
6.203619705047458e-06
6.203619705047458e-06
6.203619705047458e-06
4.216883098706603e-05
7.644564902875572e-05
7.644564902875572e-05
7.080959676386556e-06
1.862924676743205e-07
7.080959676386556e-06
1.092631009669276e-05
1.092631009669276e-05
2.9799576850564335e-07
1.1326120329613332e-05
1.1326120329613332e-05
1.1326120329613332e-05
4.463798541110009e-05
1.4131962871033465e-06
3.085608113906346e-05
2.379474426561501e-05
3.2395198559243e-06
3.6502795410342515e-05
7.293593171198154e-06
7.293593171198154e-06
1.5094461787157343e-06
2.209055492130574e-05
2.209055492130574e-05
2.1540799366448482e-08
9.476211744186003e-06
9.476211744186003e-06
9.476211744186003e-06
2.2007840016158298e-05
2.2007840016158298e-05
2.2007840016158298e-05
