1.161080676048698e-10
1.161080676048698e-10
6.725300760734854e-09
1.161080676048698e-10
1.161080676048698e-10
1.161080676048698e-10
6.725298984378014e-09
1.1610803984929419e-10
1.1610803984929419e-10
1.161080676048698e-10
6.725300760734854e-09
1.161080676048698e-10
1.1650695685982981e-10
1.1650695685982981e-10
1.8600138318447534e-08
1.161080676048698e-10
1.8560266212830356e-08
1.161080676048698e-10
1.8560260883759838e-08
1.1610803984929419e-10
1.1610803984929419e-10
3.1729828720017395e-07
1.16108053727082e-10
1.16108053727082e-10
1.161080676048698e-10
3.172983440435928e-07
1.161080676048698e-10
1.16108053727082e-10
1.16108053727082e-10
1.16108053727082e-10
1.161080676048698e-10
1.161080676048698e-10
1.161080676048698e-10
1.1610803984929419e-10
1.1610803984929419e-10
1.1610803984929419e-10
1.165069291042542e-10
1.165069291042542e-10
1.165069291042542e-10
3.16744142025982e-09
2.1040802877791975e-08
1.161080676048698e-10
2.1040797548721457e-08
3.1674405320814003e-09
1.2168697161030195e-09
1.1650695685982981e-10
1.2191772036374005e-09
2.1180774467666197e-08
1.216869827125322e-09
1.16108053727082e-10
3.16744097617061e-09
1.165069291042542e-10
1.165069291042542e-10
1.165069291042542e-10
1.1650695685982981e-10
1.1650695685982981e-10
1.1650695685982981e-10
1.1650695685982981e-10
1.1650695685982981e-10
1.1650695685982981e-10
1.165069291042542e-10
1.165069291042542e-10
1.165069291042542e-10
1.1650695685982981e-10
1.1650695685982981e-10
1.1650695685982981e-10
1.161080676048698e-10
1.161080676048698e-10
1.161080676048698e-10
1.1610803984929419e-10
1.1610803984929419e-10
1.1610803984929419e-10
1.0037228292958389e-07
2.0389951771448978e-07
6.336778324289583e-10
2.0389951771448978e-07
1.0037228292958389e-07
1.1610803984929419e-10
1.165069152264664e-10
6.365561411314502e-10
1.015543915627859e-07
6.336778879401095e-10
1.16108053727082e-10
2.038995319253445e-07
3.375122403781461e-08
8.424053277167332e-08
1.165069152264664e-10
8.369385540163421e-08
3.3618810846292035e-08
2.7138035818552453e-08
1.161080676048698e-10
2.7138035818552453e-08
8.369385540163421e-08
2.7201618735261945e-08
1.165069152264664e-10
3.375122403781461e-08
1.161080676048698e-10
1.161080676048698e-10
1.161080676048698e-10
1.165069291042542e-10
1.165069291042542e-10
1.165069291042542e-10
