8.143203444888059e-07
8.143205718624813e-07
2.5558867022823506e-08
2.5558874128250864e-08
8.143203444888059e-07
8.143205718624813e-07
2.55651921854394e-09
2.556519884677755e-09
1.1610803984929419e-10
1.161080676048698e-10
1.1610803984929419e-10
1.161080676048698e-10
1.1610803984929419e-10
1.161080676048698e-10
1.793255854920517e-08
1.7932562101918847e-08
1.414569510416186e-07
1.410672467727636e-07
1.404141016791982e-07
1.4011689586368448e-07
1.414569510416186e-07
1.410672467727636e-07
1.161080676048698e-10
1.150146297645982e-10
1.4041405904663407e-07
1.404141016791982e-07
1.1610803984929419e-10
1.161080676048698e-10
1.4041405904663407e-07
1.404141016791982e-07
2.5558867022823506e-08
2.5558874128250864e-08
2.55651921854394e-09
2.556519884677755e-09
1.1610803984929419e-10
1.161080676048698e-10
2.556519884677755e-09
2.5461748265342976e-09
1.414569510416186e-07
1.410672467727636e-07
1.1610803984929419e-10
1.161080676048698e-10
8.143203444888059e-07
8.143205718624813e-07
1.161080676048698e-10
1.150146297645982e-10
1.7932562101918847e-08
1.7746650371464057e-08
2.5558867022823506e-08
2.5558874128250864e-08
1.1610803984929419e-10
1.161080676048698e-10
2.5558867022823506e-08
2.5558874128250864e-08
1.1610803984929419e-10
1.161080676048698e-10
1.1610803984929419e-10
1.161080676048698e-10
1.4041405904663407e-07
1.404141016791982e-07
1.1610803984929419e-10
1.161080676048698e-10
2.55651921854394e-09
2.556519884677755e-09
1.793255854920517e-08
1.7932562101918847e-08
8.143203444888059e-07
8.143205718624813e-07
1.793255854920517e-08
1.7932562101918847e-08
1.4145692261990916e-07
1.414569510416186e-07
