8.838733265292831e-07
3.348590780660743e-06
4.9134105211123824e-05
0.0001276958646485582
3.381327405804768e-05
1.6922705981414765e-05
5.356326582273141e-08
2.1547651840592152e-07
6.255435437196866e-06
2.0312481865403242e-06
2.669076457095798e-05
1.201957161356404e-06
8.175035873136949e-06
8.594459359301254e-06
7.061567544042191e-07
6.89205853632302e-06
0.00019491923740133643
0.00011051720503019169
0.00019491923740133643
0.00011051720503019169
4.865562004852109e-06
4.4166267798573244e-06
2.5607428142393474e-06
4.521204573393334e-06
0.0001623020216356963
0.00011987812467850745
7.684043907829619e-07
1.4450218941419735e-06
6.092154308134923e-06
5.010920631320914e-06
6.092154308134923e-06
5.010920631320914e-06
2.7040805434808135e-06
3.137642124784179e-06
4.2561183363432065e-05
1.0790558917506132e-05
9.136603330262005e-05
2.9520871976274066e-05
2.2405286870252894e-07
8.7398319692511e-07
1.1418954272812698e-05
2.7198775569559075e-05
6.445952749345452e-06
8.894408892956562e-06
2.4736807972658426e-05
3.0569233331334544e-06
0.00011520739644765854
6.307518196990713e-05
2.1366590772231575e-06
7.86868895374937e-06
1.3249249604996294e-05
8.614892976765987e-06
2.7614314603852108e-05
1.65186920639826e-05
2.7614314603852108e-05
1.65186920639826e-05
4.901341981167207e-07
1.7771193938642682e-07
2.124672846548492e-06
4.650960647722968e-07
2.1553621536440914e-06
8.86550310497114e-07
5.2283223340054974e-05
2.5690311304060742e-05
