9.467773452342954e-06
9.467773452342954e-06
9.467773452342954e-06
2.4086899429676123e-05
2.4086899429676123e-05
2.4086899429676123e-05
1.2013972991553601e-05
1.2013972991553601e-05
1.2013972991553601e-05
5.537018751056166e-06
5.537018751056166e-06
5.537018751056166e-06
1.0620931789162569e-05
1.0620931789162569e-05
1.0620931789162569e-05
6.318902705970686e-06
6.318902705970686e-06
6.318902705970686e-06
9.748247066454496e-06
9.748247066454496e-06
9.748247066454496e-06
2.1552061298280023e-05
8.438652912445832e-06
8.438652912445832e-06
6.695455340377521e-06
2.0101724658161402e-05
6.695455340377521e-06
2.7379546736483462e-06
2.7379546736483462e-06
2.7379546736483462e-06
1.506151875219075e-05
1.506151875219075e-05
1.506151875219075e-05
6.5785052356659435e-06
6.5785052356659435e-06
6.5785052356659435e-06
5.366802270145854e-06
5.366802270145854e-06
5.366802270145854e-06
1.2890603102277964e-05
3.529886726028053e-06
3.529886726028053e-06
3.057195863220841e-05
9.245592991646845e-06
3.057195863220841e-05
9.397845133207738e-06
9.397845133207738e-06
9.397845133207738e-06
4.0866576455300674e-05
4.0866576455300674e-05
4.571610645598412e-08
2.7621767003438435e-05
7.01627368471236e-06
7.01627368471236e-06
2.233413943031337e-05
1.063355739461258e-05
2.233413943031337e-05
7.552190072601661e-05
7.552190072601661e-05
7.552190072601661e-05
2.5854433260974474e-05
2.5854433260974474e-05
2.5854433260974474e-05
1.1497798368509393e-05
1.1497798368509393e-05
1.1497798368509393e-05
8.02241720521124e-06
8.02241720521124e-06
8.02241720521124e-06
1.4428116628550924e-05
1.4428116628550924e-05
1.4428116628550924e-05
0.00021828287572134286
6.613077130168676e-05
6.613077130168676e-05
1.3056579518888611e-05
1.7103197933465708e-06
1.3056579518888611e-05
3.5828245017910376e-05
3.5828245017910376e-05
8.239819493383038e-08
2.1883250155951828e-05
2.1883250155951828e-05
2.1883250155951828e-05
0.00018307067512068897
2.2045722403163381e-07
1.1257136975473259e-05
2.1498417481780052e-05
3.2228842883341713e-07
2.654766103660222e-05
1.785368840501178e-05
1.785368840501178e-05
5.606462849527816e-08
3.22045452776365e-05
3.22045452776365e-05
1.782598424426851e-08
1.1345779057592154e-05
1.1345779057592154e-05
1.1345779057592154e-05
6.902970199007541e-05
6.902970199007541e-05
6.902970199007541e-05
