0.00010850294347619638
0.00013272775686345994
4.6454035327769816e-05
0.0001779056474333629
9.277245408156887e-05
8.92645402927883e-05
0.00014191915397532284
0.0002009174640988931
0.00018512948008719832
0.00013018555182497948
0.00010846913210116327
0.00011360712232999504
5.6144079280784354e-05
8.285012881970033e-05
0.00010524986282689497
6.26376859145239e-05
0.0002991658402606845
8.253199484897777e-05
0.00011007252032868564
8.96612909855321e-05
0.00017098737589549273
0.00010859876783797517
0.0003615348832681775
0.00022636435460299253
5.343612065189518e-05
6.34554453426972e-05
1.3147134268365335e-05
4.128582440898754e-05
1.7454098042435362e-06
9.573494708092767e-07
9.40271420404315e-05
4.24925128754694e-05
9.412736108060926e-05
5.9990608860971406e-05
2.1242309230729006e-05
3.068766091018915e-05
5.3429397667059675e-05
0.00011191436351509765
8.769868145463988e-05
9.684760152595118e-05
8.119722770061344e-05
2.2181500753504224e-05
0.00017229889635927975
0.00014231668319553137
9.333551861345768e-05
0.0005331359570845962
1.5825506125111133e-05
3.29991671605967e-05
6.8520521381287836e-06
1.3935568858869374e-06
4.1178351239068434e-05
4.833907587453723e-05
4.303710738895461e-07
6.61783303712582e-07
8.477451774524525e-05
7.405672658933327e-05
1.2333171071077231e-06
4.005116807093145e-06
5.832492024637759e-05
3.8147318264236674e-05
9.571901318849996e-05
7.461999484803528e-05
7.423391798511147e-05
6.300347740761936e-05
2.8089352781535126e-06
2.3121433514461387e-06
6.597773335670354e-06
6.466259492299287e-06
4.6252054744400084e-05
0.00018490356160327792
5.1003400585614145e-05
1.422440072929021e-05
1.0078798595714034e-06
2.456665697536664e-06
8.928868192015216e-05
0.00021280527289491147
9.053059329744428e-05
6.216640758793801e-05
8.407003406318836e-06
2.9185453058744315e-06
2.145069265679922e-05
4.4493376663012896e-06
2.7911351025977638e-06
5.392935690906597e-06
0.00011683857883326709
8.507804159307852e-05
1.6508085536770523e-05
3.6729132261825725e-05
