1.0397641744930297e-05
1.264924958377378e-05
0.0002403885591775179
0.00011552523938007653
0.0001002409917418845
8.848683501128107e-05
2.370544223140314e-07
1.4345567933560233e-06
2.6780990083352663e-06
3.1332911021308973e-06
5.8020802384817216e-08
1.465155321511702e-07
0.00011565155000425875
9.43287814152427e-05
6.114271968726825e-07
2.8365275284158997e-06
0.00017319903417956084
0.00011614179675234482
0.00017319903417956084
0.00011614179675234482
0.0003189588896930218
0.0004848494427278638
1.177164631371852e-05
0.00015762358088977635
1.7179543647216633e-05
3.8720641896361485e-05
3.807141624179167e-08
3.3857978110063414e-07
8.34142992971465e-05
0.0001385159557685256
8.34142992971465e-05
0.0001385159557685256
7.0279338615364395e-06
1.7308142560068518e-05
7.294106035260484e-05
0.0001360324095003307
0.0002629503724165261
6.358021346386522e-05
1.664166120463051e-06
7.234909844555659e-07
2.0874565507256193e-06
4.058718332089484e-06
1.7876371316560835e-07
4.864452876063297e-07
1.4893170146024204e-06
5.608043466054369e-06
3.9032391214277595e-05
0.00013125459372531623
6.854063485661754e-07
2.4688231405889383e-06
1.109256572817685e-05
0.0001611943735042587
0.0004948528367094696
0.00032235891558229923
0.0004948528367094696
0.00032235891558229923
0.00011701129551511258
4.3541462218854576e-05
1.3239632608019747e-06
1.7891351262733224e-06
5.139394943398656e-06
7.57081625124556e-06
9.85109872999601e-05
5.523537765839137e-05
