7.47767771827057e-05
2.26354331971379e-05
7.285624405994895e-07
5.121518711348472e-07
2.8334417947917245e-05
2.531760765123181e-05
2.2126268106603675e-07
1.1153186818546601e-07
3.41954109899234e-05
4.6987719542812556e-05
5.7203629694413394e-05
4.5454755309037864e-05
0.00021581172768492252
0.00022553265444003046
2.5179332396874088e-08
1.1997003390717964e-08
1.7506436051917262e-06
4.4282325006861356e-07
3.740985266631469e-05
3.523461418808438e-05
4.466342488740338e-06
1.6940507521212567e-06
1.4899072994012386e-05
2.208886871812865e-05
4.529031866695732e-05
2.14134397538146e-05
4.529031866695732e-05
2.14134397538146e-05
6.128105269453954e-06
2.957001379400026e-05
3.744474597056069e-08
2.2196266513674345e-07
2.5871045181702357e-06
3.0474161576421466e-06
0.00012725195847451687
0.0001425062509952113
3.1402382916212446e-08
1.2206717414642299e-08
2.506054102013877e-07
7.269537150023098e-08
2.273505060657044e-06
2.665745114427409e-06
3.929184231310501e-07
3.4626526712600025e-07
3.0571409297408536e-05
3.7848651118110865e-05
5.8827755999857345e-09
7.436407933880673e-09
1.3934760545453173e-06
1.6413214325439185e-06
0.00011815832840511575
8.846342825563625e-05
5.214071734371828e-06
4.750824700749945e-06
2.433161898807157e-05
1.770096605469007e-05
3.3005840123223606e-06
4.305640686652623e-06
3.3005840123223606e-06
4.305640686652623e-06
7.73529905018222e-07
1.14001545625797e-06
3.4399014747776846e-09
3.744497156787929e-09
3.116346292131311e-08
2.016423650275101e-08
3.922627911379095e-08
4.492588701054956e-08
3.4794436487572966e-07
7.23423170256865e-07
6.230569482568171e-08
7.896003495488912e-08
