1.161080676048698e-10
1.161080676048698e-10
1.161080676048698e-10
1.161080676048698e-10
1.161080676048698e-10
1.161080676048698e-10
6.768125504486022e-10
6.768125504486022e-10
1.16108053727082e-10
1.16108053727082e-10
1.161080676048698e-10
1.161080676048698e-10
2.4982963964248484e-07
2.4982963964248484e-07
1.16108053727082e-10
1.16108053727082e-10
1.150146297645982e-10
1.150146297645982e-10
1.150146297645982e-10
1.150146297645982e-10
1.161080676048698e-10
1.161080676048698e-10
1.150146297645982e-10
1.150146297645982e-10
1.161080676048698e-10
1.161080676048698e-10
2.4982963964248484e-07
2.4982963964248484e-07
3.438443485492826e-08
3.438443485492826e-08
1.16108053727082e-10
1.16108053727082e-10
1.161080676048698e-10
1.161080676048698e-10
1.16108053727082e-10
1.16108053727082e-10
1.16108053727082e-10
1.16108053727082e-10
1.16108053727082e-10
1.16108053727082e-10
1.16108053727082e-10
1.16108053727082e-10
1.161080676048698e-10
1.161080676048698e-10
1.161080676048698e-10
1.161080676048698e-10
1.161080676048698e-10
1.161080676048698e-10
1.161080676048698e-10
1.161080676048698e-10
1.150146297645982e-10
1.150146297645982e-10
1.161080676048698e-10
1.161080676048698e-10
1.16108053727082e-10
1.16108053727082e-10
1.161080676048698e-10
1.161080676048698e-10
1.161080676048698e-10
1.161080676048698e-10
1.16108053727082e-10
1.16108053727082e-10
1.161080676048698e-10
1.161080676048698e-10
3.070792047310533e-07
3.070792047310533e-07
1.3281175048618366e-09
1.3281175048618366e-09
1.16108053727082e-10
1.16108053727082e-10
1.161080676048698e-10
1.161080676048698e-10
1.268075422444781e-08
1.268075422444781e-08
1.150146297645982e-10
1.150146297645982e-10
1.1501465058127991e-10
1.1501465058127991e-10
1.161080676048698e-10
1.161080676048698e-10
1.0525123134152992e-10
1.0525123134152992e-10
1.161080676048698e-10
1.161080676048698e-10
9.64773079203951e-08
9.64773079203951e-08
1.1610803984929419e-10
1.1610803984929419e-10
