3.091507824137807e-05
2.4571143512730487e-05
7.339848525589332e-05
6.251233571674675e-05
4.0909068047767505e-05
5.3513322200160474e-05
1.7532922356622294e-05
1.4861585441394709e-05
9.652698281570338e-06
1.2895802683488e-05
0.00010490900604054332
7.712579827057198e-05
2.8779566491721198e-05
3.669747457024641e-05
4.5203196350485086e-05
3.337316957185976e-05
3.093530176556669e-05
9.43144186749123e-06
4.091800292371772e-05
2.769574166450184e-05
4.7287099732784554e-05
3.6411493056220934e-05
2.739827505138237e-05
3.5533521440811455e-05
4.932058072881773e-05
7.279813144123182e-05
7.376235589617863e-05
5.6729222706053406e-05
1.038866798808158e-06
4.70702048005478e-07
3.070370803470723e-05
4.79722730233334e-05
6.495604611700401e-05
2.928931098722387e-05
4.5234795834403485e-05
3.289819142082706e-05
5.6722583394730464e-05
4.1230210626963526e-05
3.865483813569881e-05
2.960179335786961e-05
2.571170261944644e-05
3.620399002102204e-05
3.8772679545218125e-05
6.27186382189393e-05
5.913572749705054e-05
7.881171040935442e-05
0.00010002643830375746
6.785180448787287e-05
2.3062023046804825e-06
1.5650504110453767e-06
3.698184809763916e-05
3.06860965793021e-05
9.797012268109029e-08
2.696012870728737e-07
4.2995932744815946e-05
4.512976011028513e-05
2.398347191956418e-07
1.6680836267823906e-07
5.0973390898434445e-05
4.0848863136488944e-05
3.999903492513113e-05
4.6850185754010454e-05
4.060399442096241e-05
2.529109042370692e-05
1.3977248727314873e-06
2.0666150248871418e-06
2.5988679226429667e-06
3.450208623689832e-06
6.376623059622943e-05
0.0001430964475730434
3.275510243838653e-05
4.2929008486680686e-05
4.1317227328363515e-07
8.810991971586191e-07
6.446036422858015e-05
0.00012324364797677845
6.407275941455737e-05
0.00013070130080450326
6.487483688033535e-07
1.5648696489733993e-06
3.2932697649812326e-05
6.174715235829353e-05
6.122603281255579e-06
2.5594561520847492e-05
4.4674343371298164e-05
7.018991163931787e-05
0.00011225232447031885
9.570603288011625e-05
