0.00013957561168354005
0.0001814475835999474
4.96619101397755e-08
1.0161750196857611e-07
7.665058365091681e-05
4.699126293417066e-05
3.363825840096979e-07
6.070939662095043e-07
4.997489213565132e-06
5.869026790605858e-05
7.129662208171794e-06
2.3930937459226698e-05
4.614616500475677e-06
1.3050536836090032e-05
5.961057354397781e-07
2.9832520453965117e-07
6.65370243950747e-05
6.7217813921161e-05
7.54817301640287e-05
7.301590085262433e-05
0.00034070914261974394
1.1187058589712251e-05
0.0001382475602440536
1.3295036296767648e-05
0.00012050516670569777
0.00010571312304819003
0.00012050516670569777
0.00010571312304819003
0.00010424305219203234
3.9045011362759396e-05
3.4247801750098006e-07
3.2929935400716204e-07
2.1089697838760912e-05
2.4144770577549934e-05
0.00023086882720235735
7.010080298641697e-05
0.0003846581093966961
0.00015134397835936397
1.2100261983505334e-06
4.00933095079381e-06
0.0008205437916330993
0.00010967479465762153
1.2084883849183825e-07
5.686270583282749e-07
0.00019937749311793596
4.829268073081039e-05
3.808720236975205e-07
7.00343889548094e-08
5.346792750060558e-05
1.474692271585809e-05
9.506136120762676e-05
0.00014735781587660313
0.00017888408910948783
1.7159496565000154e-05
0.00018222811922896653
9.145411604549736e-05
3.49152360286098e-05
3.610741623560898e-05
3.49152360286098e-05
3.610741623560898e-05
7.333687244681641e-05
3.4324075386393815e-05
1.376800895513952e-07
1.757193075491159e-07
2.2794949927629204e-06
1.1676713711494813e-06
4.214307480765456e-08
1.4409778259505401e-07
4.890743525720609e-07
8.512653835168749e-07
1.7790213746593508e-07
4.295532960441051e-07
