5.071883060736582e-05
5.071883060736582e-05
5.071883060736582e-05
4.271038505976321e-06
4.271038505976321e-06
4.271038505976321e-06
1.3041528291068971e-05
1.3041528291068971e-05
1.3041528291068971e-05
2.2060214632801944e-06
2.2060214632801944e-06
2.2060214632801944e-06
6.082819709263276e-06
6.082819709263276e-06
6.082819709263276e-06
6.356713129207492e-07
6.356713129207492e-07
6.356713129207492e-07
1.409315700584557e-06
1.409315700584557e-06
1.409315700584557e-06
2.17755587073043e-05
2.9898430966568412e-06
2.9898430966568412e-06
2.0323144781286828e-05
1.0670468327589333e-05
2.0323144781286828e-05
9.02061856322689e-06
9.02061856322689e-06
9.02061856322689e-06
1.7368285625707358e-05
1.7368285625707358e-05
1.7368285625707358e-05
5.713927748729475e-05
5.713927748729475e-05
5.713927748729475e-05
8.566679753130302e-05
8.566679753130302e-05
8.566679753130302e-05
6.194098386913538e-05
0.0006472058012150228
0.0006472058012150228
3.291511893621646e-05
2.3172506189439446e-06
3.291511893621646e-05
9.23088282434037e-06
9.23088282434037e-06
9.23088282434037e-06
4.206422090646811e-05
4.206422090646811e-05
5.34573878496758e-08
2.0562997633533087e-06
6.424445018637925e-06
6.424445018637925e-06
8.277236702269875e-06
2.506440614524763e-05
8.277236702269875e-06
2.657229924807325e-05
2.657229924807325e-05
2.657229924807325e-05
5.639945811708458e-06
5.639945811708458e-06
5.639945811708458e-06
9.653454071667511e-06
9.653454071667511e-06
9.653454071667511e-06
1.0194507922278717e-05
1.0194507922278717e-05
1.0194507922278717e-05
3.426456532906741e-05
3.426456532906741e-05
3.426456532906741e-05
7.670326453990128e-07
0.00014942347479518503
0.00014942347479518503
4.658744501284673e-07
4.7113122292330445e-08
4.658744501284673e-07
1.0317954547645058e-05
1.0317954547645058e-05
1.033614083212342e-08
6.36749018667615e-06
6.36749018667615e-06
6.36749018667615e-06
3.165627276757732e-05
5.941129757047747e-07
5.034608534515428e-07
9.595166193321347e-05
7.120695499907015e-06
0.00013796030543744564
4.119954155612504e-06
4.119954155612504e-06
2.6886530122283148e-06
3.546789594111033e-05
3.546789594111033e-05
1.1280818768000245e-07
2.9778602765873075e-05
2.9778602765873075e-05
2.9778602765873075e-05
9.882993617793545e-05
9.882993617793545e-05
9.882993617793545e-05
