3.897359056281857e-05
6.14996679360047e-05
1.986336883419426e-06
6.401549512702331e-07
7.496169564547017e-05
0.00010565476259216666
2.6578243250696687e-07
2.2394314669327287e-07
2.7570160455070436e-05
2.2107133190729655e-05
5.7672164984978735e-05
4.578608786687255e-05
0.00011332093708915636
7.033287693047896e-05
1.1282278933322232e-07
1.1706486446882991e-07
1.386534859193489e-05
7.642120181117207e-06
3.6081091820960864e-05
3.1903571652946994e-05
1.7994065274251625e-05
2.1523048417293467e-05
1.8424998415866867e-05
3.280327291577123e-05
6.91300883772783e-05
4.5113782107364386e-05
6.91300883772783e-05
4.5113782107364386e-05
2.996629336848855e-05
2.4583761842222884e-05
2.24671850901359e-07
1.2205957489186403e-07
1.912700554385083e-06
2.063349029413075e-06
2.017753786276444e-06
1.649706064199563e-05
7.361161806329619e-06
1.0103923159476835e-05
1.8913395933850552e-06
8.969743134912278e-07
1.2873204468633048e-05
1.2282732313906308e-05
4.1078209278566646e-07
1.2685076171692344e-06
2.631615825521294e-05
1.72369818756124e-05
3.786970736996409e-08
7.164210558130435e-08
5.5873288147267886e-06
1.5780796047693002e-06
7.940177601994947e-05
6.027892231941223e-05
1.1003301551681943e-05
5.8114264902542345e-06
0.00015708252612967044
0.00016742500883992761
9.889882676361594e-06
6.6932293520949315e-06
9.889882676361594e-06
6.6932293520949315e-06
9.118019079323858e-06
1.104008151742164e-05
8.500411752265791e-08
1.0466084887639227e-07
1.2306702501518885e-06
5.229118755778472e-07
1.649840100981237e-06
1.6369971262975014e-06
9.247615935237263e-07
9.550234381094924e-07
3.4819532857000013e-07
2.198561332988902e-07
