2.9732196708209813e-05
1.1163380264633815e-07
5.7419234508415684e-05
3.0122308089630678e-05
8.453861664747819e-05
4.8291185521520674e-05
8.586871445004363e-06
3.5951927657151828e-06
8.443398655799683e-06
1.1851423664666072e-07
2.0210626416883315e-07
1.7421711163478903e-05
6.44782412564382e-05
2.5669778551673517e-05
5.186511202737165e-07
3.1450831556867342e-06
3.8721031160093844e-05
4.537399217952043e-05
3.8721031160093844e-05
4.537399217952043e-05
6.49291105219163e-05
1.8706834453041665e-05
0.00013517348270397633
4.986234489479102e-05
0.00025003778864629567
9.862917067948729e-06
8.69233554112725e-06
2.9615400762850186e-06
4.5387292630039155e-05
8.50155993248336e-05
4.5387292630039155e-05
8.50155993248336e-05
6.522112130369351e-07
7.835685096324596e-07
4.0141927456716076e-05
2.8865464628324844e-05
5.981641879770905e-05
7.508914677600842e-06
1.3366711293372191e-08
1.7803525764747974e-08
4.101538706891006e-06
1.6289595805574208e-06
3.4005043403340096e-07
8.89716389451678e-08
1.8294796291229432e-06
1.7159549088319181e-06
1.9889470422640443e-05
4.3831819311890285e-06
1.5384921425720677e-07
9.49569403019268e-06
1.1778817679442e-05
2.1248106349958107e-05
1.277836418012157e-05
4.7631423512939364e-05
1.277836418012157e-05
4.7631423512939364e-05
0.0003604977682698518
5.6794346164679155e-05
1.1184000641151215e-06
5.607044499811309e-07
1.0828201766344137e-06
4.824286747862061e-08
6.763545388821512e-05
1.4321070921141654e-05
