1.5562955013592727e-05
6.547022621816723e-06
1.0829694474523421e-05
9.756004146765918e-06
3.152014687657356e-05
2.2291327695711516e-05
1.3738711459154729e-05
8.841168892104179e-06
9.10694961930858e-06
4.707591415353818e-06
1.2349794815236237e-05
3.418052801862359e-05
0.00027074021636508405
3.217315679648891e-05
4.172800800006371e-06
6.0368682170519605e-05
1.6791371308499947e-05
2.9300748792593367e-05
2.054588003375102e-05
5.036317816120572e-06
2.5269029720220715e-05
7.77414461481385e-05
9.189368938677944e-06
1.5055681615194771e-05
1.5170228834904265e-05
1.565810634929221e-05
3.75616509700194e-05
1.2277989299036562e-05
2.9558955247921403e-06
3.1209178814606275e-06
3.310314014015603e-06
9.913305802911054e-06
8.200528100132942e-06
1.1624466424109414e-05
3.0660162337881047e-06
6.131462669145549e-06
2.82017354038544e-05
3.1752450013300404e-05
4.4846406126453076e-06
2.5342053504573414e-06
2.1245006792014465e-05
1.4065140931052156e-05
5.853846232639626e-05
7.2164202720159665e-06
1.849237560236361e-05
1.625835466256831e-05
9.738809239934199e-06
7.105006716301432e-06
1.3780029803456273e-05
1.839370270317886e-05
1.2300474736548495e-05
4.196626832708716e-06
8.809163176692891e-08
2.335045337531483e-06
2.554499587859027e-06
8.482244993501808e-06
5.096614472677174e-07
1.8428918338031508e-06
2.1419788026832975e-05
1.7850203221314587e-05
3.4742797652143054e-06
1.3387648323259782e-05
6.987082088016905e-06
6.950486749701668e-06
1.2898158274765592e-06
9.15852069738321e-06
4.335145149525488e-07
7.93297203927068e-06
9.657373993832152e-06
8.563759183743969e-05
4.820776212000055e-06
5.5908156355144456e-05
6.245079930522479e-06
2.7676291210809723e-05
1.1116685527667869e-05
2.6540650651440956e-05
5.927422171225771e-05
5.685671931132674e-05
1.3786888075628667e-08
3.445394668233348e-06
5.86303076488548e-06
7.242545507324394e-06
1.1248372175032273e-05
2.069706351903733e-05
2.9496941351681016e-05
4.5543041778728366e-05
5.132656951900572e-06
4.81616689285147e-06
